[[1]]
[[1]]$corrls
 [1] 80 75 88 40 41 53 43 61 35 69

[[1]]$R0minls
 [1] 1.701264 1.950919 1.995648 1.974544 1.973246 1.981303 1.872730 1.615282 1.991401 1.843786

[[1]]$R0maxls
 [1] 2.225245 2.031154 2.113037 2.227893 2.109138 2.054112 1.901419 1.958324 2.069192 1.995860


[[2]]
[[2]]$corrls
 [1] 64 47 90 64 49 90 39 63 56 65

[[2]]$R0minls
 [1] 1.727498 1.680384 1.828557 1.916051 1.814672 1.652642 1.601387 1.867568 1.646069 1.993400

[[2]]$R0maxls
 [1] 2.038505 1.839276 1.996805 1.983089 1.859331 1.996198 1.778821 2.258121 2.029181 2.000235


[[3]]
[[3]]$corrls
 [1] 79 76 84 51 60 79 50 60 54 43

[[3]]$R0minls
 [1] 1.685605 1.945912 1.640213 1.648918 1.938528 1.800263 1.733497 1.769271 1.962977 1.702737

[[3]]$R0maxls
 [1] 2.152423 2.100954 1.813787 2.202782 2.192613 2.068488 2.182371 2.084034 2.038940 2.290128


[[4]]
[[4]]$corrls
 [1] 69 67 50 36 92 39 87 40 74 82

[[4]]$R0minls
 [1] 1.827749 1.696172 1.821265 1.998304 1.793334 1.746679 1.957650 1.998698 1.754300 1.868573

[[4]]$R0maxls
 [1] 1.852037 2.164239 1.859452 2.263350 2.070636 2.125780 1.976205 2.117628 1.766661 1.933657


[[5]]
[[5]]$corrls
 [1] 77 63 59 41 61 40 41 69 44 57

[[5]]$R0minls
 [1] 1.906243 1.647095 1.943225 1.734308 1.733868 1.777784 1.887804 1.630167 1.749769 1.650599

[[5]]$R0maxls
 [1] 2.094501 2.063537 2.194466 2.109385 2.240827 1.889441 1.911498 2.250779 2.009599 2.052287


[[6]]
[[6]]$corrls
 [1] 51 35 68 64 38 56 94 88 79 65

[[6]]$R0minls
 [1] 1.970524 1.629422 1.741573 1.774688 1.618033 1.634803 1.665177 1.876571 1.761606 1.608850

[[6]]$R0maxls
 [1] 2.249788 2.233716 1.847105 2.191477 2.297636 1.920429 2.166381 2.041562 2.081512 2.180982


[[7]]
[[7]]$corrls
 [1] 38 60 54 63 70 89 78 54 85 58

[[7]]$R0minls
 [1] 1.840689 1.779678 1.715704 1.632576 1.897206 1.740278 1.922809 1.849260 1.974565 1.695090

[[7]]$R0maxls
 [1] 1.974413 2.037228 2.005023 1.947401 2.190627 1.872086 1.994454 2.246227 2.147201 2.025043


[[8]]
[[8]]$corrls
 [1] 70 40 54 38 62 41 68 51 69 49

[[8]]$R0minls
 [1] 1.627749 1.618693 1.992626 1.885576 1.625056 1.818992 1.761856 1.971425 1.814948 1.841841

[[8]]$R0maxls
 [1] 2.214792 1.883556 2.119246 2.192122 1.644678 1.863975 2.291066 2.296687 1.889344 1.992612


[[9]]
[[9]]$corrls
 [1] 38 83 65 83 35 77 63 68 47 62

[[9]]$R0minls
 [1] 1.996256 1.889636 1.706222 1.840796 1.637212 1.854088 1.808525 1.857060 1.954294 1.969953

[[9]]$R0maxls
 [1] 2.207959 2.179999 1.968208 1.998010 2.041484 2.174746 1.828434 2.045207 2.149050 2.234116


[[10]]
[[10]]$corrls
 [1] 62 80 77 86 34 92 53 36 42 66

[[10]]$R0minls
 [1] 1.693134 1.896464 1.640249 1.763599 1.976202 1.670255 1.706793 1.734032 1.898072 1.817165

[[10]]$R0maxls
 [1] 2.271526 1.954625 1.696641 2.123078 2.156350 2.254623 1.874370 2.283043 2.282550 2.113652


