[[1]]
[[1]]$corrls
 [1] 54 59 81 85 48 93 54 58 61 61

[[1]]$R0minls
 [1] 1.909287 1.809397 1.823903 1.710372 1.852148 1.740086 1.689810 1.912229 1.615440 1.803975

[[1]]$R0maxls
 [1] 2.085945 2.057710 2.116165 2.193641 2.204113 2.017453 1.877695 2.053133 1.802010 2.114475


[[2]]
[[2]]$corrls
 [1] 79 89 84 51 70 67 71 51 56 60

[[2]]$R0minls
 [1] 1.763252 1.995940 1.861347 1.848940 1.827764 1.746877 1.659837 1.986897 1.965691 1.981468

[[2]]$R0maxls
 [1] 1.941804 2.269194 2.026744 1.896302 2.210413 1.896680 2.194911 2.008982 2.027102 2.192421


[[3]]
[[3]]$corrls
 [1] 72 37 53 36 53 61 41 87 82 92

[[3]]$R0minls
 [1] 1.981576 1.921057 1.835411 1.833896 1.757964 1.796980 1.796745 1.840363 1.854973 1.905459

[[3]]$R0maxls
 [1] 2.155889 2.076576 2.070035 2.135412 2.210306 2.015227 2.020670 1.971426 2.093960 2.211475


[[4]]
[[4]]$corrls
 [1] 67 89 68 87 50 35 58 59 42 38

[[4]]$R0minls
 [1] 1.771997 1.651809 1.895620 1.813971 1.709789 1.906322 1.745596 1.713702 1.755698 1.891255

[[4]]$R0maxls
 [1] 2.172915 1.717081 1.963436 1.832375 1.810944 2.136805 1.900962 2.288460 2.216490 2.000633


[[5]]
[[5]]$corrls
 [1] 35 60 62 82 70 72 91 65 39 37

[[5]]$R0minls
 [1] 1.665752 1.622780 1.923952 1.879304 1.699509 1.987695 1.977010 1.673291 1.840877 1.620229

[[5]]$R0maxls
 [1] 1.825709 1.895763 2.227114 1.938770 1.907913 1.992043 2.289645 2.198359 2.277615 1.654135


[[6]]
[[6]]$corrls
 [1] 75 46 57 44 77 75 86 73 44 41

[[6]]$R0minls
 [1] 1.709750 1.905700 1.629769 1.619207 1.822592 1.835472 1.764413 1.639261 1.911460 1.902617

[[6]]$R0maxls
 [1] 2.253238 2.063095 1.681850 1.984311 1.907481 1.977331 2.158926 2.148698 1.937027 2.105777


[[7]]
[[7]]$corrls
 [1] 92 53 51 81 48 78 62 45 50 74

[[7]]$R0minls
 [1] 1.750907 1.991348 1.911577 1.898116 1.735679 1.706618 1.899386 1.910039 1.723953 1.624881

[[7]]$R0maxls
 [1] 2.225064 2.125229 1.940541 1.900988 1.909914 2.239081 2.068823 2.128653 2.290714 2.144852


[[8]]
[[8]]$corrls
 [1] 52 58 80 82 87 93 48 59 61 65

[[8]]$R0minls
 [1] 1.846796 1.683491 1.986306 1.700830 1.684549 1.822872 1.790078 1.834684 1.938884 1.718328

[[8]]$R0maxls
 [1] 1.978504 2.105685 2.028779 1.853242 2.075552 2.235371 2.233611 1.953287 2.135418 1.751670


[[9]]
[[9]]$corrls
 [1] 44 42 65 79 89 88 34 46 57 37

[[9]]$R0minls
 [1] 1.841496 1.969636 1.959249 1.729566 1.840927 1.891297 1.804804 1.863208 1.848169 1.600632

[[9]]$R0maxls
 [1] 2.064849 2.025772 2.268547 2.263563 1.870816 2.084253 1.981640 2.160136 2.103325 2.255352


[[10]]
[[10]]$corrls
 [1] 51 60 85 81 85 75 73 66 52 41

[[10]]$R0minls
 [1] 1.976071 1.944306 1.680007 1.866065 1.665358 1.973136 1.649076 1.631174 1.825749 1.809774

[[10]]$R0maxls
 [1] 2.131257 2.119622 1.707392 2.244308 2.108199 2.024223 2.047202 2.126223 2.235529 2.238058


